	58.17203644783264        17.204300665086308
	63.063383334057335       25.879896752132325
	67.14795684456809	 34.906921120242764
	71.01756523253371        39.635369015036844
	75.53210835182688	 42.64437057862316
	79.83168634857492        41.13986979683
	84.7761793948045	 35.336782703044705
	89.50570731848893        28.02919482746627      
	93.80526563339089        18.357383004490785
	99.17972828840294	 15.563297474291822
	104.55417126156883	 16.85287238402188
	106.7039602599429	 21.366384568077102
	104.55417126156885 	 26.954545789799297
	98.53479355707532	 32.757632883584584
	88.64578778277013	 45.22352039808329
	86.71098358878731 	 49.092245127273486
	89.29072251409772	 52.53111811233748
	93.16033090206332 	 55.755055386662654
	110.14361872097209 	 55.32519380386071
	111.2185033792361 	 60.48349344278096
	109.28369918525328	 64.35221817197116
	89.29072251409772 	 65.21193149889929
	86.49599878439608 	 68.43586877322444
	87.35591832011491 	 72.30459350241463
	93.37531570645453 	 84.12570340072405
	94.23521556032728	 92.72287602470833
	98.10482394829288	 98.31102740775476
	94.8801502916549 	 102.17975213694497
	88.64578778277013	 100.03045406161102
	86.28103366185096	 93.36766347957337
	86.06604885745972	 85.41527831045413
	74.88717362049931 	 75.74346648747864
	70.58761530559732	 73.80910412288355
	65.42813745497654	 78.75246805106495
	45.005210856884545	 105.61862512200896
	41.780537200246556	 108.19777494146909
	37.051009276562155	 104.54396624566623
	39.41576339748134 	 97.66623995288974
	61.128579140074564	 73.5941684121447
	61.98847899394731 	 69.29559193882832
	56.18406641199893 	 66.07165466450317
	50.37965383005054 	 61.12828089764601
	49.94970390311413 	 58.11926949538393
	10.178735365194228 	 59.408844405113996
	7.59899643988382 	 55.540119675923805
	8.243931171211415 	 51.24154320260743
	44.575241248102145 	 52.10125652953556
	48.65983444045898 	 49.95196829287737
	51.66952329270575 	 43.50409374422705
	60.91359433568334 	 40.92494392476692
	60.05367479996454 	 35.76664428584665
	51.45455817016057 	 21.151458696014018
	51.45455817016057 	 17.712595549625767
	54.89419694934372 	 15.778233185030665