                [
                    32.53646615726896,
                    71.22995430342341
                ],
                [
                    32.10651623033259,
                    63.922356589169226
                ],
                [
                    33.82633561992416,
                    57.259556168455816
                ],
                [
                    30.816646767677398,
                    50.5967557477424
                ],
                [
                    26.087118843992968,
                    40.065220759163026
                ],
                [
                    7.813961562428972,
                    21.796246150879035
                ],
                [
                    7.384011635492584,
                    17.49765983888691
                ],
                [
                    11.68356995039457,
                    13.84387082043557
                ],
                [
                    17.702967336734176,
                    12.554295910705513
                ],
                [
                    21.572575724699774,
                    18.357383004490806
                ],
                [
                    26.30210364838416,
                    25.02018342520421
                ],
                [
                    34.90122027818814,
                    34.90692112024277
                ],
                [
                    42.85542185851053,
                    45.43845610882215
                ],
                [
                    45.220175979429754,
                    50.16689416494046
                ],
                [
                    49.51975397617775,
                    52.31618240159865
                ],
                [
                    57.903905483436546,
                    50.59675574774241
                ],
                [
                    61.77351387140216,
                    43.50409374422705
                ],
                [
                    67.57792645335053,
                    34.26213366537775
                ],
                [
                    70.80260010998853,
                    21.79624615087905
                ],
                [
                    71.44753484131616,
                    11.909508455840474
                ],
                [
                    78.97176681285607,
                    8.685571181515314
                ],
                [
                    84.99116419919574,
                    12.339360199966656
                ],
                [
                    84.99116419919574,
                    22.870895188546015
                ],
                [
                    80.04665147112007,
                    29.96355719206138
                ],
                [
                    76.8219778144821,
                    35.76664428584666
                ],
                [
                    74.88717362049931,
                    46.72803101855221
                ],
                [
                    71.87748476825254,
                    53.60575731132871
                ],
                [
                    77.03696261887333,
                    58.54913107818587
                ],
                [
                    85.85106405306848,
                    61.343206769709106
                ],
                [
                    93.80526563339089,
                    59.1939185330509
                ],
                [
                    103.26430179891368,
                    55.755055386662654
                ],
                [
                    108.42377964953448,
                    57.4744820405189
                ],
                [
                    109.92863391658085,
                    64.56714404403425
                ],
                [
                    107.56387979566168,
                    68.86573035602638
                ],
                [
                    98.53479355707529,
                    71.22995430342343
                ],
                [
                    84.77617939480447,
                    72.51952921315348
                ],
                [
                    81.76649054255773,
                    79.61219121666883
                ],
                [
                    79.83168634857492,
                    83.05105436305709
                ],
                [
                    80.9065710068389,
                    87.56457638578807
                ],
                [
                    89.93565724542526,
                    97.4513042421509
                ],
                [
                    93.80526563339089,
                    103.89917879080119
                ],
                [
                    93.1603309020633,
                    107.76790351999142
                ],
                [
                    89.5057073184889,
                    110.99184079431656
                ],
                [
                    83.91625985908567,
                    111.85156395992047
                ],
                [
                    79.4017167397925,
                    106.47832861026131
                ],
                [
                    74.88717362049928,
                    98.09609169701591
                ],
                [
                    69.2977458429421,
                    93.36766347957337
                ],
                [
                    63.49333326099372,
                    92.29300460323063
                ],
                [
                    54.464247022407335,
                    91.6482171483656
                ],
                [
                    54.464247022407335,
                    101.10511293795378
                ],
                [
                    53.604327486688504,
                    108.84256239633416
                ],
                [
                    51.884508097096926,
                    113.57099061377669
                ],
                [
                    46.51004544208493,
                    114.64564949011942
                ],
                [
                    40.490667737591366,
                    113.35607458038933
                ],
                [
                    37.91092881228096,
                    106.69326432100019
                ],
                [
                    40.06069812880892,
                    100.24538977234985
                ],
                [
                    41.780537200246556,
                    89.71385478377047
                ],
                [
                    38.77082866615373,
                    81.76147945332701
                ]