                [
                    65.85808738191288,
                    45.43845610882216
                ],
                [
                    71.87748476825251,
                    39.20550743223491
                ],
                [
                    74.67220849795416,
                    34.262133665377746
                ],
                [
                    77.25194742326455,
                    30.608344646926405
                ],
                [
                    83.27132512775812,
                    26.309758334934273
                ],
                [
                    86.28103366185097,
                    21.79624615087905
                ],
                [
                    94.45020036471853,
                    20.936532823950927
                ],
                [
                    96.81495448563773,
                    26.954545789799305
                ],
                [
                    98.74975867962048,
                    31.68298384591762
                ],
                [
                    95.0951350960461,
                    35.336782703044705
                ],
                [
                    91.01054190368932,
                    37.056219195576716
                ],
                [
                    88.00085305144253,
                    43.07423216142509
                ],
                [
                    74.67220849795416,
                    55.325193803860714
                ],
                [
                    75.74709315621814,
                    58.33420520612278
                ],
                [
                    105.41409079728766,
                    60.91335502558291
                ],
                [
                    107.13391018687923,
                    66.50150640862935
                ],
                [
                    106.91894506433408,
                    71.4448801754865
                ],
                [
                    103.47928660330487,
                    76.60317981440679
                ],
                [
                    79.61670154418368,
                    72.08966763035153
                ],
                [
                    78.3268320815285,
                    76.60317981440676
                ],
                [
                    78.11184727713729,
                    83.69584181792209
                ],
                [
                    79.61670154418368,
                    90.5735779493744
                ],
                [
                    85.42111412613207,
                    100.24538977234985
                ],
                [
                    85.85106405306848,
                    104.3290502122789
                ],
                [
                    83.91625985908567,
                    108.62762668559526
                ],
                [
                    75.96207796060929,
                    108.62762668559526
                ],
                [
                    72.73740430397132,
                    103.03947530254882
                ],
                [
                    73.59730415784409,
                    95.73187758829462
                ],
                [
                    69.0827610385509,
                    88.2093638406531
                ],
                [
                    65.42813745497654,
                    75.0986790326136
                ],
                [
                    62.20346379833853,
                    75.0986790326136
                ],
                [
                    58.333855410372934,
                    73.80910412288354
                ],
                [
                    57.043985947717744,
                    78.75246805106494
                ],
                [
                    52.744427632815786,
                    85.20034259971526
                ],
                [
                    42.210487127182915,
                    99.81553802822367
                ],
                [
                    37.91092881228096,
                    100.24538977234985
                ],
                [
                    33.39638569298778,
                    98.74087915188093
                ],
                [
                    33.61135081553296,
                    92.72287602470831
                ],
                [
                    37.48095920349856,
                    86.48991750944533
                ],
                [
                    49.51975397617778,
                    74.02402999494663
                ],
                [
                    48.65983444045898,
                    70.58516684855837
                ],
                [
                    48.22988451352256,
                    65.64179308170121
                ],
                [
                    49.08978436739534,
                    60.9133550255829
                ],
                [
                    21.572575724699817,
                    60.26856757071788
                ],
                [
                    14.908243607032603,
                    58.33420520612279
                ],
                [
                    9.318815829475426,
                    57.68941775125775
                ],
                [
                    3.729388051918228,
                    55.96998125872574
                ],
                [
                    3.2994184431357994,
                    48.66239338314729
                ],
                [
                    8.673881098147817,
                    45.868307852948305
                ],
                [
                    15.123228411423824,
                    46.7280310185522
                ],
                [
                    21.787560529091024,
                    50.8116816198055
                ],
                [
                    52.7444276328158,
                    52.31618240159864
                ],
                [
                    51.88450809709697,
                    50.166894164940445
                ],
                [
                    46.94001505086739,
                    45.653381980885214
                ],
                [
                    45.0052108568846,
                    38.345794105306766
                ],
                [
                    40.2756829332002,
                    28.673982282331323
                ],
                [
                    40.060698128808966,
                    21.366384568077123
                ],
                [
                    41.56555239585539,
                    16.20808492915687
                ],
                [
                    46.51004544208497,
                    13.414009237633628
                ],
                [
                    50.809623438832986,
                    16.42302063989571
                ],
                [
                    53.17437755975216,
                    23.515682643411054
                ],
                [
                    53.389362364143366,
                    33.61734621051272
                ],
                [
                    58.763805337309336,
                    38.5607199773699
                ],
                [
                    63.27834845660256,
                    44.57873294321827
                ]