                [
                    68.00787638028692,
                    44.14888119909209
                ],
                [
                    69.51273064733331,
                    46.728031018552215
                ],
                [
                    72.9523694265165,
                    49.092245127273486
                ],
                [
                    94.45020036471851,
                    30.39340893618754
                ],
                [
                    99.39469341094804,
                    27.814259116727428
                ],
                [
                    104.9841408703513,
                    30.823270518989496
                ],
                [
                    104.76915606596006,
                    38.34579410530678
                ],
                [
                    101.54448240932211,
                    42.214518834497
                ],
                [
                    77.89688215459213,
                    54.03561889413064
                ],
                [
                    77.03696261887333,
                    59.838705987915944
                ],
                [
                    79.83168634857495,
                    63.92235658916922
                ],
                [
                    85.4211141261321,
                    68.6508044839633
                ],
                [
                    105.19910599289648,
                    74.02402999494664
                ],
                [
                    106.48897545555164,
                    80.9017661263989
                ],
                [
                    102.83435187197725,
                    83.26598023512018
                ],
                [
                    94.88015029165487,
                    80.25697867153387
                ],
                [
                    75.53210835182688,
                    68.8657303560264
                ],
                [
                    71.87748476825251,
                    69.94037939369338
                ],
                [
                    68.4378263072233,
                    72.5195292131535
                ],
                [
                    67.79289157589568,
                    77.67782885207376
                ],
                [
                    70.80260010998853,
                    110.34705333945153
                ],
                [
                    69.0827610385509,
                    114.64564949011944
                ],
                [
                    62.848398529666156,
                    115.29043694498444
                ],
                [
                    61.12857914007454,
                    111.42171221579427
                ],
                [
                    60.05367479996454,
                    74.23895586700974
                ],
                [
                    55.754116485062525,
                    73.3792425400816
                ],
                [
                    50.16468870750535,
                    70.58516684855839
                ],
                [
                    43.930306516774536,
                    76.38825394234368
                ],
                [
                    22.217510456027398,
                    97.88117566362858
                ],
                [
                    14.693278484487394,
                    98.31102740775476
                ],
                [
                    10.393700487739366,
                    92.29300460323063
                ],
                [
                    13.618374144377349,
                    86.06006576531917
                ],
                [
                    31.03161189022253,
                    78.10768059619993
                ],
                [
                    47.15498017341252,
                    66.07165466450317
                ],
                [
                    46.29508031953974,
                    60.26856757071788
                ],
                [
                    46.29508031953974,
                    56.61476871359078
                ],
                [
                    32.106516230332566,
                    53.390831439265625
                ],
                [
                    16.843047801015352,
                    46.29816943575027
                ],
                [
                    12.973439413049753,
                    41.354795668893104
                ],
                [
                    14.048343753159791,
                    34.90692112024277
                ],
                [
                    18.992836799389373,
                    32.75763288358459
                ],
                [
                    25.01223418572898,
                    34.69199524817968
                ],
                [
                    34.68625515564296,
                    43.71901961629014
                ],
                [
                    44.14529132116572,
                    47.80267021754342
                ],
                [
                    49.519753976177746,
                    49.092245127273486
                ],
                [
                    56.184066411998906,
                    47.15788276267838
                ],
                [
                    55.10918175373492,
                    37.701006650441755
                ],
                [
                    54.89419694934369,
                    26.524684206997364
                ],
                [
                    53.81931229107973,
                    16.63794651195878
                ],
                [
                    56.184066411998906,
                    7.181060561046401
                ],
                [
                    59.19377494609173,
                    5.891485651316337
                ],
                [
                    62.633413725274885,
                    8.900497053578405
                ],
                [
                    63.923283187930075,
                    16.208084929156854
                ],
                [
                    64.35325279671252,
                    38.560719977369885
                ],
                [
                    65.42813745497651,
                    43.28915803348819
                ]